0.147273647404
0.0658267053849
1.04942845807
0.0571739544636
0.0360865292841
0.882922013774
0.321297848565
-0.0884392940947
0.733775882507
0.49917077059
-1.40656760076
0.621953254263
0.56723863867
-1.27175543786
0.346534590113
0.670591198586
-0.947530226076
0.400103434117
0.835287183394
-0.198918306198
0.147662605801
1.02708980882
0.228658457794
0.259711616144
1.07808294824
0.274686095288
-0.143859196566
0.937796856792
0.184263630997
-0.181870105051
0.770225170497
0.524828953114
-0.780001712447
0.667130005016
0.658883521252
-0.521079548523
0.436263702244
0.732403150932
-0.427398847059
0.188364398807
1.02566146878
-0.136879020733
0.244404890518
15.5101784739
15.7919207267
14.9123328317
15.3505062519
15.8287026488
15.3989548458
15.3055125944
16
15.4756036542
15.2926899355
15.9106310502
15.3702605226
14.8438388156
15.8217135717
15.5005258963
0.170674583428
0.122057654673
0.862069246727
0.310101066077
-0.145688942256
0.726945005607
0.529610522419
-1.97915918915
0.472125006801
0.528199994199
-0.831287795306
0.363063400751
0.660893338083
-0.453282637523
0.224506115718
0.890626188295
-0.0325071860718
0.133470633496
1.11437450978
-0.00250541860045
0.109609573085
0.933042996718
0.1498806322
0.111951848036
0.755492345971
0.240858643109
-0.599752747623
0.633757443015
0.416895223766
-0.890820579956
0.481030998546
0.647480429246
-0.566790827727
0.538953236642
0.673909909778
-0.41012539069
0.301331621052
0.726835647189
0.293622062
0.230798126346
0.945673439771
-0.0175005293817
0.0608494777555
