0.565492967408
0.61055980247
-1.48529204089
0.402930931623
0.850572083466
-0.18237282404
0.356542774337
0.96997527834
-0.297483676898
0.266174382088
0.901353099225
0.254742846439
-0.170112778499
0.97676726745
0.152590425295
-0.0791309132198
0.958418527117
0.349640186591
-0.0465497582087
0.872816991904
0.735056762543
-1.0929270203
0.566816075143
0.677666990583
-0.634501347065
0.384740128772
0.701643220529
-0.210549637649
0.480017409235
0.830263029693
-0.141483911056
0.0917559762931
0.964184018158
0.0877728205968
0.041880567883
1.07867167634
0.380376733074
-0.116325894484
0.792747998257
0.250503636321
-0.070923074772
0.768571406797
0.432228053032
15.2646761062
14.9225159718
15.7602828238
15.4556348977
14.8286822209
15.4473126749
15.8311739091
0
15.9731722373
15.5659931328
14.9212589451
15.3861374972
15.6552276507
14.8743010397
15.2844303768
0.451305235935
0.815245839692
-0.494457526574
0.399182914963
0.9396047036
-0.00235055986948
0.0861114071192
0.99620042319
0.114480548271
-0.115894111477
1.11958350004
0.226625394927
-0.0841867229263
0.944213386655
0.335755779157
-0.373127117884
0.714830813362
0.42674495825
-0.858782726379
0.679250081627
0.65571454221
-1.02039262779
0.351289138073
0.657691620793
0.029792212402
0.192263762121
0.94471957519
-0.271044191909
0.281119811473
1.18683953475
0.0740209181909
0.240365217624
0.993595150145
0.1626734401
-0.393229484747
1.0288603029
0.359366754405
-0.586965932239
0.692824413692
0.532309634593
-1.39133760028
0.560386803171
0.436238213738
