15.4358687734
15.6940073465
15.2720058771
15.986538822
15.5822583175
15.9029813278
15.6231427988
15.9604107768
15.5539363012
15.9490561843
15.7680806236
15.6419592196
16.1960660034
15.4956153319
15.3323575995
15.2999031875
15.5665433569
15.5801339193
15.5803398138
16.2169185557
15.6964240099
15.5067984307
16.3499926447
15.6642373437
15.684755892
15.9204033754
15.4289264278
15.6242092248
15.4703312827
15.662806792
15.8360183505
15.4677624192
16.0023080345
15.7576797035
15.925206233
15.494604368
15.6925365019
15.8472440506
15.8412664393
15.9357474918
15.8299337488
16.4141702415
15.5689978579
15.7923141891
16.1359080367
15.6780722903
15.7593361478
15.8550558241
15.5581321356
15.3808346628
16.105104768
15.3443557219
15.5319954941
15.9106310502
16.0313701699
15.7195594078
16.2379680281
15.3584331768
15.6625411796
16.4141702415
15.8299337488
15.6426146297
15.8077930445
15.5695400655
15.6529458788
15.5110449812
15.8788292063
15.6745139926
15.9477357998
15.4654148586
15.8360183505
15.6279888279
15.4460560873
15.6081168831
15.3831689373
15.9507522956
15.708468217
15.6331633903
16.1994776469
15.5169001237
15.6718149986
16.2169185557
15.5398231883
16.1848914266
15.5962619508
15.292846083
15.3521118701
15.5118799443
16.1960660034
15.6815498426
16.2786752732
15.9384615348
15.4130129616
15.668622484
15.6507942031
16.0245003522
15.5796577206
15.8860814006
15.4466732147
15.7230033199
15.4572078808
