15.609375091
15.8944349061
16.3400949742
16.3615581493
15.861239383
15.7964244632
15.7188984448
15.8350048758
16.1781718227
15.2692991098
16.088251377
16.2000139858
15.6253919319
15.962134061
15.6196256984
15.4225393884
16.17811332
15.2626438068
16.0455625483
15.796874713
15.9190116954
15.4451394067
16.0379230525
15.6110384013
15.5008139794
15.6677848004
15.5873358016
16.1831032587
15.3885326322
15.8119696282
16.1764738765
15.683930354
15.4873514628
16.2385227506
16.064351436
15.4721630998
15.6521927709
15.3563802544
15.6842185193
16.0844041722
15.5881455318
15.893520606
15.6257633428
15.6914622799
16.0513552593
16.2858590851
15.7183478648
16.0072683498
15.4314018186
16.1806589113
0
16.1806589113
15.4524524946
15.6758894339
15.7939817025
16.0868890807
15.9633096297
15.7069793968
15.4957008389
15.893520606
16.1021598936
16.2556155126
15.6538695991
15.3812241465
15.6467638071
15.4293485985
16.0158964295
16.1654587328
15.476437244
16.0334153562
16.2645195061
15.8119696282
15.3763983449
16.1435126357
15.9009211575
15.6132125657
15.5648288862
15.445216721
15.6884380503
15.4837879578
15.8473006242
15.8620415973
16.1080319166
15.258643028
15.67811332
15.4053549376
15.6317599858
16.1751184271
15.6878613002
16.2880596153
16.127842
15.2670133283
16.1446984279
15.8094286145
16.0572452497
15.8360150862
15.5559093015
16.3615581493
16.1895799763
15.825283557
15.3207568872
